100001000010000000110110
001010110100000111101001
001101100100100011110011
100011110100000100101110
001011001111000100000100
001101110100110011101001
011110100010000010010001
001010111111111000000101
011000100010000100010101
011110110010101100101001
110001010110000001000010
001101100100110110111100
111101100011011100100001
001010110010001011111101
001101100001111101110001
001010111011001001010111
111111111111111011111101
001000100010110011101000
001101110100001101010111
001010100010101010000100
001010110010001010100110
010000010100110011101001
001101100010000000100000
010000010010101000101101
001010111111001100100000
