100111101001111010011110
010000010100000101000001
100101001001010010010100
000000010000000100000001
011000010110000101100001
111110001111100011111000
010000110100001101000011
011010100110101001101010
101111111011111110111111
111111111111111111111111
111001111110011111100111
111111101111111011111110
101101101011011010110110
000110100001101000011010
011001110110011101100111
101001001010010010100100
101101111011011110110111
000000100000001000000010
001001100010011000100110
110111011101110111011101
011011100110111001101110
001110010011100100111001
001111100011111000111110
111111101111111011111110
000111110001111100011111
