00111111
11101101
01110101
01100100
00110001
00011100
01101010
00101101
11110110
00000101
01001000
00100000
00110111
10100100
10110100
11011011
00101110
10111100
11110011
01000011
10101101
11010010
11101011
11110111
00111110
11111001
01100101
01000100
00010110
10011011
01110001
11010110
10000001
00011001
01000110
01011110
10100111
00001001
11011110
10011110
10110011
10111111
00000000
10101001
10000100
00011011
11000110
00010010
11011010
01110011
00000001
11100001
00011000
10100101
00110101
11010001
10101100
01111011
00011101
10001011
10100000
11110000
11001010
11111000
01111100
11101100
10001110
11100000
11101000
01011001
11000101
00001110
10001100
11000010
11011100
00100100
11110100
01001011
01011111
11100100
01101100
01010110
01110111
10101011
01011101
10011010
10110111
10101010
01110100
10010111
00110100
01100000
01001010
00011111
11101111
01100010
00011010
01000001
10010011
10101111
00011110
01101101
10010100
11001011
10011101
00010100
01010010
01010101
01100110
00101111
11001111
00000011
10011000
11101001
10011001
00110010
10001101
10100010
10000000
10110001
00001100
00001000
01011100
00001101
11100010
11100101
10001001
01111101
11101010
11100110
01000000
10001111
10101000
01111111
01011000
11111010
00100010
11110001
01101000
10110101
00111100
01111110
11111011
01001100
01001110
00111011
10111110
10011100
01000111
10111001
10010000
11010000
11000011
01011011
01010111
10100001
00001111
11000111
01000010
01101011
01000101
00101000
11000000
00010011
01101001
11000001
11010101
10010010
11100111
01111010
10110010
10111010
00001010
00100110
00101011
00111101
10000101
00111000
00101010
01100011
11011101
01101111
11010100
11000100
10001010
01010100
10000111
11110010
00100101
11011111
00100111
11111111
10110000
00000100
00000111
11010011
01010011
00110000
11010111
11001110
11110101
11011000
11001101
10111101
01001001
01111001
00110011
00101001
10000010
00100001
11111110
01100001
10110110
10010001
11100011
00000110
00111010
10101110
00010111
00001011
11111101
01110010
11101110
00110110
01101110
00111001
01010000
00101100
00100011
10010101
01110000
11001000
10100011
10001000
10100110
10011111
11001001
00010000
01110110
10000110
01100111
10111011
00000010
11011001
00010101
10111000
00010001
11001100
01001111
01001101
10000011
01011010
11111100
10010110
01111000
01010001
