00101010
00110010
11110010
01101111
11000001
00001001
11010111
11000010
01111001
00100101
10101100
11011011
01111000
01111011
01000111
10011100
11101101
11110110
00101111
10100011
01101001
11110100
00011100
11011010
00110100
00100001
01100000
00101101
00000101
00111010
01100100
01011101
00001011
11010001
10001000
11100100
01001011
10111100
10101101
10111110
10100001
11001111
10110010
10101110
11100011
00000111
00010000
01101101
11000101
00000100
01110011
11001110
01011010
00110110
11011111
00001100
10110001
11100001
11011000
10010001
10001100
10101111
00011000
00000000
10000010
01100001
10011110
00010011
00011011
10100000
00100010
10010100
00001010
11001100
01011100
01001101
10001111
11111001
10010000
11111000
11100010
11111111
01101010
11000100
10111001
01101011
01010001
10011010
10000110
01000101
11111011
10011001
01111010
01010100
00100011
01001110
01011011
11010011
01011111
10110011
00000011
00011010
01101100
11110000
10001010
10100100
00000110
10011111
01010000
01100101
11100000
10110101
11100110
00011110
11011101
00110001
01011000
00000010
11101110
01010010
11111110
11001101
10101001
00111001
01000000
01111111
10001101
10000101
01110110
00100000
11010000
11111010
00101100
10110000
11101111
10111010
11101001
01111110
10111000
00111011
01001000
01110100
01000010
10000011
10010110
11010101
10100111
01100010
01100110
11100101
11111101
01011001
01110000
01110010
01010101
00011101
10010011
01101000
00100111
11101011
00111100
10011011
01110101
11101000
00001101
00110101
11101010
00100100
10000100
00101011
01010111
01010011
00111000
00010100
11011001
01100011
11000000
01110111
10101010
00101000
00001110
10001011
11010100
01010110
11110101
10010101
10101011
11110001
00010001
11001011
10010010
00101001
10100010
10100101
01001001
10011000
10110111
01000110
00101110
10011101
11100111
11101100
00111110
01100111
11110111
11001010
11000111
01101110
10010111
00110111
00010101
11000011
10110110
10100110
00011111
11000110
11001001
11110011
00110000
00001111
01001010
10110100
00100110
10111101
01000011
00110011
01111100
11010110
01001111
01111101
10000001
10101000
01000100
01110001
10000000
00010110
01000001
00000001
11011110
01011110
00111101
10001001
10111011
00010010
01001100
11001000
00001000
00010111
00111111
00011001
10000111
10001110
11111100
11011100
11010010
10111111
